bootloader.asm=1651920285.818163
battleship_isr.asm=1651923542.7107854
battleship_main.asm=1652080417.9239762
battleship_draw_map.asm=1651920451.4318573
battleship_arbiter.asm=1651933375.8148906
battleship_computers_turn.asm=1651557068.2895412
battleship_players_turn.asm=1652164683.132688
battleship_print_killed_ship.asm=1652075394.4957838
battleship_map0.asm=1651919945.0733442
battleship_print_killed_ship_1.asm=1652167288.7969832
battleship_print_killed_ship_2.asm=1652165701.6036441
