bootloader.asm=1652180511.4111488
battleship_isr.asm=1652169896.6071866
battleship_main.asm=1652179913.2482252
battleship_draw_map.asm=1651920451.4318573
battleship_arbiter.asm=1652177204.6608675
battleship_computers_turn.asm=1651557068.2895412
battleship_players_turn.asm=1652171609.900643
battleship_print_killed_ship_1.asm=1652171426.3947434
battleship_print_killed_ship_2.asm=1652168642.040437
battleship_map0.asm=1652179915.1980996
