bootloader_copy_map_to_RAM.asm=1650177693.752951
battleship_map0.asm=1650179410.8217375
