bootloader_copy_map_to_RAM.asm=1650271147.0787978
battleship_draw_map.asm=1650283414.580603
battleship_map0.asm=1650283369.1608996
