bootloader.asm=1650728214.5141304
battleship_main.asm=1650898123.0722964
battleship_map0.asm=1650899077.5808952
