bootloader.asm=1651221878.240343
battleship_main.asm=1651319998.1601784
battleship_draw_map.asm=1651317710.294204
battleship_map0.asm=1651307330.3840742
battleship_arbiter.asm=1651497429.510238
