bootloader_copy_map_to_RAM.asm=1650284228.9507315
battleship_draw_map.asm=1650287845.2227857
imitation_of_working_proccess.asm=1649864640.9653373
isr.asm=1650287590.7424028
battleship_map0.asm=1650287725.9170449
