bootloader.asm=1652180511.4111488
battleship_isr.asm=1652274707.4494236
battleship_main.asm=1652274711.0665283
battleship_draw_map.asm=1651920451.4318573
battleship_arbiter.asm=1652274742.6480248
battleship_computers_turn.asm=1652276139.721332
battleship_players_turn.asm=1652274758.0662522
battleship_print_killed_ship_1.asm=1652171426.3947434
battleship_print_killed_ship_2.asm=1652168642.040437
battleship_map0.asm=1652179915.1980996
