bootloader.asm=1651221878.240343
battleship_main.asm=1651299496.730876
battleship_draw_map.asm=1651317710.294204
battleship_map0.asm=1651307330.3840742
